[0.0, 1, 0.0, 0.0]
[2.094395, 1, 0.0, 0.0]
[3.141593, 1, 0.0, 0.0]
[4.18879, 1, 0.0, 0.0]
[6.283185, 1, 0.0, 0.0]
[0.249235, 1, 0.0, 1.0471975511965976]
[1.284725, 1, 0.0, 1.0471975511965976]
[3.141593, 1, 0.0, 1.0471975511965976]
[3.141592, 1, 0.0, 1.0471975511965976]
[1.856868, 1, 0.0, 2.0943951023931953]
[2.892358, 1, 0.0, 2.0943951023931953]
[6.283185, 1, 0.0, 2.0943951023931953]
[0.0, 1, 0.0, 3.141592653589793]
[1.047198, 1, 0.0, 3.141592653589793]
[3.141593, 1, 0.0, 3.141592653589793]
[5.235988, 1, 0.0, 3.141592653589793]
[6.283185, 1, 0.0, 3.141592653589793]
[0.179221, 1, 1.0471975511965976, 0.0]
[1.415746, 1, 1.0471975511965976, 0.0]
[3.912809, 1, 1.0471975511965976, 0.0]
[3.912806, 1, 1.0471975511965976, 0.0]
[0.513219, 1, 1.0471975511965976, 1.0471975511965976]
[0.51322, 1, 1.0471975511965976, 1.0471975511965976]
[0.513217, 1, 1.0471975511965976, 1.0471975511965976]
[3.434902, 1, 1.0471975511965976, 1.0471975511965976]
[3.43488, 1, 1.0471975511965976, 1.0471975511965976]
[6.080313, 1, 1.0471975511965976, 2.0943951023931953]
[2.451335, 1, 1.0471975511965976, 2.0943951023931953]
[2.451336, 1, 1.0471975511965976, 2.0943951023931953]
[2.451337, 1, 1.0471975511965976, 2.0943951023931953]
[6.080315, 1, 1.0471975511965976, 2.0943951023931953]
[1.828504, 1, 1.0471975511965976, 3.141592653589793]
[2.534989, 1, 1.0471975511965976, 3.141592653589793]
[5.947679, 1, 1.0471975511965976, 3.141592653589793]
[5.396791, 1, 1.0471975511965976, 3.141592653589793]
[0.335506, 1, 2.0943951023931953, 0.0]
[0.886394, 1, 2.0943951023931953, 0.0]
[3.748196, 1, 2.0943951023931953, 0.0]
[4.454681, 1, 2.0943951023931953, 0.0]
[0.20287, 1, 2.0943951023931953, 1.0471975511965976]
[3.831849, 1, 2.0943951023931953, 1.0471975511965976]
[3.83185, 1, 2.0943951023931953, 1.0471975511965976]
[0.202873, 1, 2.0943951023931953, 1.0471975511965976]
[2.848305, 1, 2.0943951023931953, 2.0943951023931953]
[2.848283, 1, 2.0943951023931953, 2.0943951023931953]
[5.769968, 1, 2.0943951023931953, 2.0943951023931953]
[5.769966, 1, 2.0943951023931953, 2.0943951023931953]
[2.370377, 1, 2.0943951023931953, 3.141592653589793]
[2.370379, 1, 2.0943951023931953, 3.141592653589793]
[2.370376, 1, 2.0943951023931953, 3.141592653589793]
[4.867439, 1, 2.0943951023931953, 3.141592653589793]
[6.103964, 1, 2.0943951023931953, 3.141592653589793]
[0.0, 1, 3.141592653589793, 0.0]
[1.047198, 1, 3.141592653589793, 0.0]
[3.141593, 1, 3.141592653589793, 0.0]
[5.235988, 1, 3.141592653589793, 0.0]
[6.283185, 1, 3.141592653589793, 0.0]
[1e-05, 1, 3.141592653589793, 1.0471975511965976]
[4.426317, 1, 3.141592653589793, 1.0471975511965976]
[3.390828, 1, 3.141592653589793, 1.0471975511965976]
[6.283185, 1, 3.141592653589793, 1.0471975511965976]
[6.03395, 1, 3.141592653589793, 2.0943951023931953]
[3.141594, 1, 3.141592653589793, 2.0943951023931953]
[3.141593, 1, 3.141592653589793, 2.0943951023931953]
[4.998461, 1, 3.141592653589793, 2.0943951023931953]
[0.0, 1, 3.141592653589793, 3.141592653589793]
[2.094395, 1, 3.141592653589793, 3.141592653589793]
[3.141593, 1, 3.141592653589793, 3.141592653589793]
[4.18879, 1, 3.141592653589793, 3.141592653589793]
[6.283185, 1, 3.141592653589793, 3.141592653589793]
[0.0, 2, 0.0, 0.0]
[2.094395, 2, 0.0, 0.0]
[3.141593, 2, 0.0, 0.0]
[4.18879, 2, 0.0, 0.0]
[6.283185, 2, 0.0, 0.0]
[0.476347, 2, 0.0, 1.0471975511965976]
[1.698054, 2, 0.0, 1.0471975511965976]
[0.0, 2, 0.0, 2.0943951023931953]
[1.443539, 2, 0.0, 2.0943951023931953]
[2.665246, 2, 0.0, 2.0943951023931953]
[0.0, 2, 0.0, 3.141592653589793]
[1.047198, 2, 0.0, 3.141592653589793]
[3.141593, 2, 0.0, 3.141592653589793]
[5.235988, 2, 0.0, 3.141592653589793]
[6.283185, 2, 0.0, 3.141592653589793]
[0.375649, 2, 1.0471975511965976, 0.0]
[1.378466, 2, 1.0471975511965976, 0.0]
[3.829835, 2, 1.0471975511965976, 0.0]
[3.829837, 2, 1.0471975511965976, 0.0]
[0.93593, 2, 1.0471975511965976, 1.0471975511965976]
[0.935931, 2, 1.0471975511965976, 1.0471975511965976]
[0.93594, 2, 1.0471975511965976, 1.0471975511965976]
[3.709422, 2, 1.0471975511965976, 1.0471975511965976]
[2.205658, 2, 1.0471975511965976, 2.0943951023931953]
[2.205662, 2, 1.0471975511965976, 2.0943951023931953]
[2.205644, 2, 1.0471975511965976, 2.0943951023931953]
[2.205659, 2, 1.0471975511965976, 2.0943951023931953]
[2.205663, 2, 1.0471975511965976, 2.0943951023931953]
[2.205661, 2, 1.0471975511965976, 2.0943951023931953]
[1.763127, 2, 1.0471975511965976, 3.141592653589793]
[2.765944, 2, 1.0471975511965976, 3.141592653589793]
[5.594943, 2, 1.0471975511965976, 3.141592653589793]
[0.688242, 2, 2.0943951023931953, 0.0]
[3.517241, 2, 2.0943951023931953, 0.0]
[4.520059, 2, 2.0943951023931953, 0.0]
[4.077524, 2, 2.0943951023931953, 1.0471975511965976]
[4.077522, 2, 2.0943951023931953, 1.0471975511965976]
[4.077526, 2, 2.0943951023931953, 1.0471975511965976]
[4.077542, 2, 2.0943951023931953, 1.0471975511965976]
[4.077523, 2, 2.0943951023931953, 1.0471975511965976]
[4.077527, 2, 2.0943951023931953, 1.0471975511965976]
[5.347255, 2, 2.0943951023931953, 2.0943951023931953]
[2.573764, 2, 2.0943951023931953, 2.0943951023931953]
[5.347245, 2, 2.0943951023931953, 2.0943951023931953]
[5.347256, 2, 2.0943951023931953, 2.0943951023931953]
[2.453348, 2, 2.0943951023931953, 3.141592653589793]
[2.45335, 2, 2.0943951023931953, 3.141592653589793]
[4.904719, 2, 2.0943951023931953, 3.141592653589793]
[5.907537, 2, 2.0943951023931953, 3.141592653589793]
[0.0, 2, 3.141592653589793, 0.0]
[1.047198, 2, 3.141592653589793, 0.0]
[3.141593, 2, 3.141592653589793, 0.0]
[5.235988, 2, 3.141592653589793, 0.0]
[6.283185, 2, 3.141592653589793, 0.0]
[0.0, 2, 3.141592653589793, 1.0471975511965976]
[3.617939, 2, 3.141592653589793, 1.0471975511965976]
[4.839647, 2, 3.141592653589793, 1.0471975511965976]
[4.585131, 2, 3.141592653589793, 2.0943951023931953]
[5.806839, 2, 3.141592653589793, 2.0943951023931953]
[0.0, 2, 3.141592653589793, 3.141592653589793]
[2.094395, 2, 3.141592653589793, 3.141592653589793]
[3.141593, 2, 3.141592653589793, 3.141592653589793]
[4.18879, 2, 3.141592653589793, 3.141592653589793]
[6.283185, 2, 3.141592653589793, 3.141592653589793]
